                     |                                                                              
                     |                                                                              
                     |                                                                              
               |     8         |                                                                    
               |     1         |                                                                    
               |     4         |                                                                    
     |         4   |     |     3 |                                                                  
     |         6   |     |     4 |                                                                  
     |         7   |     |     7 |                                                                  
   | 2 |         | 2|  | 1 |    |1   |                                                              
   | 5 |         | 1|  | 9 |    |5   |                                                              
   | 0 |         | 7|  | 1 |    |6   |                                                              
 | 1| |1   |    |1| 1 |9| |9 |  8  | 7 |                                                            
 | 2| |2   |    |1| 0 |9| |2 |  0  | 6 |                                                            
 | 8| |2   |    |4| 3 | | |  |     |   |                                                            
|6| 6 6  | 5 |  5 5   5 4 4 |4|   |4| |3         |                                                  
|4| 4 3  | 9 |  7 7   1 8 7 |5|   |1| |5         |                                                  
| |      |   |              | |   | | |          |                                                  
3 3     |3| |2|             2 2   2 2 1  |       1|                                                 
2 2     |1| |8|             3 2   1 0 8  |       7|                                                 
        | | | |                          |        |                                                 
        1 1 1 1                         |9   |    8                                                 
        6 5 5 3                         |    |                                                      
                                        |    |                                                      
                                        5  | 4 |                                                    
                                           |   |                                                    
                                           |   |                                                    
                                          |2| |2|                                                   
                                          | | | |                                                   
                                          | | | |                                                   
                                          1 1 1 1                                                   
                                                                                                    
                                                                                                    
                                                                                                    
                                                                                                    
                                                                                                    
                                                                                                    
                                                                                                    
                                                                                                    
                                                                                                    
                                                                                                    
                                                                                                    
                                                                                                    
                                                                                                    
                                                                                                    
                                                                                                    
                                                                                                    
                                                                                                    
                                                                                                    
                                                                                                    
                                                                                                    
                                                                                                    
                                                                                                    
                                                                                                    
                                                                                                    
                                                                                                    
                                                                                                    
                                                                                                    
                                                                                                    
                                                                                                    
                                                                                                    
                                                                                                    
                                                                                                    
                                                                                                    
                                                                                                    
                                                                                                    
                                                                                                    
                                                                                                    
                                                                                                    
                                                                                                    
                                                                                                    
                                                                                                    
                                                                                                    
                                                                                                    
                                                                                                    
                                                                                                    
                                                                                                    
                                                                                                    
                                                                                                    
                                                                                                    
                                                                                                    
                                                                                                    
                                                                                                    
                                                                                                    
                                                                                                    
                                                                                                    
                                                                                                    
                                                                                                    
                                                                                                    
                                                                                                    
                                                                                                    
                                                                                                    
                                                                                                    
                                                                                                    
                                                                                                    
                                                                                                    
                                                                                                    
                                                                                                    
                                                                                                    
                                                                                                    
